tree
version=v4
num_class=1
num_tree_per_iteration=1
label_index=0
max_feature_idx=27
objective=lambdarank
feature_names=rating cart_size hour_of_day is_single_item_cart has_main has_side has_dessert has_drink meal_completeness_score estimated_cart_value candidate_category_main candidate_category_side candidate_category_dessert candidate_category_drink is_complement_to_any_cart_item candidate_price_tier_vs_cart candidate_popularity_rank cuisine_encoded area_encoded votes_log price_tier_encoded is_chain meal_time_breakfast meal_time_lunch meal_time_dinner meal_time_late_night day_of_week is_weekend
feature_infos=[3.7999999999999998:4.5] [1:3] [0:23] [0:1] [0:1] [0:1] [0:1] [0:1] [0.25:0.75] [50:1800] [0:1] [0:1] [0:1] [0:1] [0:1] [-1:1] [1:5] [0:3] [0:3] [2.3978952727983707:6.9077552789821368] [0:2] none [0:1] [0:1] [0:1] [0:1] [0:6] [0:1]
tree_sizes=3583 3597 3597 3600 3597 3625 3596

Tree=0
num_leaves=31
num_cat=0
split_feature=14 10 4 4 1 10 18 11 0 20 16 16 9 16 18 11 9 16 20 0 18 9 16 13 16 7 9 16 16 7
split_gain=8183.01 1208.15 641.828 612.612 248.507 185.554 154.66 154.009 160.459 118.584 109.209 82.8776 82.5226 75.4054 63.8313 73.578 77.0889 61.1127 117.323 57.8537 56.4325 41.4156 37.2812 34.4863 33.962 29.9898 29.7169 29.3165 42.5306 27.0428
threshold=1.0000000180025095e-35 1.0000000180025095e-35 1.0000000180025095e-35 1.0000000180025095e-35 1.5000000000000002 1.0000000180025095e-35 2.5000000000000004 1.0000000180025095e-35 4.3166666666666673 1.5000000000000002 4.5000000000000009 4.5000000000000009 1175.0000000000002 1.5000000000000002 1.0000000180025095e-35 1.0000000180025095e-35 295.00000000000006 1.5000000000000002 1.5000000000000002 4.3166666666666673 2.5000000000000004 585.00000000000011 1.5000000000000002 1.0000000180025095e-35 3.5000000000000004 1.0000000180025095e-35 775.00000000000011 2.5000000000000004 1.5000000000000002 1.0000000180025095e-35
decision_type=2 2 2 2 2 2 2 2 2 2 2 2 2 2 2 2 2 2 2 2 2 2 2 2 2 2 2 2 2 2
left_child=1 3 11 7 22 20 12 23 -9 13 24 17 14 -6 -5 26 27 18 -3 -7 -2 -8 -4 -1 -11 -25 -16 28 -17 -19
right_child=5 2 4 6 9 19 21 8 -10 10 -12 -13 -14 -15 15 16 -18 29 -20 -21 -22 -23 -24 25 -26 -27 -28 -29 -30 -31
leaf_value=0.017907940230960515 0.10215574059865953 -0.034390736022053801 -0.043504038017809797 -0.0034920093237358237 -0.090096394129094162 0.069360441595411548 0.013611020059404967 0.019020060966781979 -0.015143845793022116 -0.023639320664497442 -0.077305094694436555 -0.038394872471395405 -0.036988820809093263 -0.062015405809349423 -0.017078090312548627 0.026813066104037893 -0.039612172607270089 -0.013820541793711803 0.0093157434431499053 0.10060249706724467 0.12591454538162836 -0.017143744226703332 -0.016413850015247283 0.02606350751643139 -0.04766108774562261 0.045039443186331823 0.0018139549049796758 0.029130479678350491 -0.026837532611478712 -0.00064654184566980864
leaf_weight=2714.1962102182442 3008.6037944634445 2614.7275849636644 718.07885088515468 3139.5387934432365 1513.4486007839441 2168.3607267198386 2141.7091170267668 3053.4406188628636 2500.6467390814796 1183.5439720656723 855.40021454542875 1534.1715617701411 2136.8231041135732 2597.4395321459742 2388.8355583883822 188.76902798586525 2639.1698940787464 3242.256544131902 802.7246888843365 815.6932827597484 1497.2409121756209 550.38884567189962 1736.4487386381952 2344.5876567731611 1170.7280031368136 1291.6890487684868 1278.0866161736194 180.27899149572477 680.11934661492705 2999.8503286320483
leaf_count=51742 34552 16482 5432 57725 9961 16315 39822 56638 21177 22319 4879 7950 33552 37722 45200 3779 22078 51209 16861 10918 20287 9699 20201 41957 13235 23123 24983 3823 7566 48819
internal_value=-1.62111e-10 -0.0151115 -0.033153 -0.00121748 -0.0518749 0.0972416 -0.0144383 0.0158005 0.00363826 -0.0611074 -0.0467036 -0.0168039 -0.0190762 -0.0723536 -0.015429 -0.0205243 -0.0304969 -0.0133747 -0.0241245 0.0779005 0.110051 0.00732333 -0.0243392 0.0264375 -0.0355848 0.0328042 -0.0104934 -0.00756756 -0.0151818 -0.00748934
internal_weight=55687 48197.1 20968.8 27228.3 9775.09 7489.9 15323.7 11904.6 5554.09 7320.56 3209.67 11193.7 12631.6 4110.89 10494.8 7355.26 3688.34 9659.56 3417.45 2984.05 4505.84 2692.1 2454.53 6350.47 2354.27 3636.28 3666.92 1049.17 868.888 6242.11
internal_count=780006 697934 255070 442864 113749 82072 248227 194637 77815 88116 40433 141321 198706 47683 165154 107429 37246 133371 33343 27233 54839 49521 25633 116822 35554 65080 70183 15168 11345 100028
is_linear=0
shrinkage=0.1


Tree=1
num_leaves=31
num_cat=0
split_feature=14 4 13 16 11 18 10 0 18 16 0 16 0 1 5 6 16 20 13 16 0 16 15 16 16 13 0 0 9 9
split_gain=4953 1060.02 1305.59 284.368 245.631 190.861 152.956 98.3877 98.0828 159.923 97.9341 94.8055 97.6144 86.4348 121.565 122.645 76.6819 67.2884 132.59 101.331 93.3342 172.342 88.123 147.361 78.4269 138.956 131.813 128.284 111.737 97.9105
threshold=1.0000000180025095e-35 1.0000000180025095e-35 1.0000000180025095e-35 1.5000000000000002 1.0000000180025095e-35 1.0000000180025095e-35 1.0000000180025095e-35 4.3166666666666673 1.0000000180025095e-35 2.5000000000000004 4.3166666666666673 2.5000000000000004 4.3166666666666673 2.5000000000000004 1.0000000180025095e-35 1.0000000180025095e-35 3.5000000000000004 1.5000000000000002 1.0000000180025095e-35 1.5000000000000002 4.1166666666666671 1.5000000000000002 -1.0000000180025095e-35 2.5000000000000004 1.5000000000000002 1.0000000180025095e-35 4.3166666666666673 4.3166666666666673 1175.0000000000002 1175.0000000000002
decision_type=2 2 2 2 2 2 2 2 2 2 2 2 2 2 2 2 2 2 2 2 2 2 2 2 2 2 2 2 2 2
left_child=1 2 6 10 16 -2 13 -8 -5 -10 -4 -6 -13 14 15 -1 17 18 19 -3 -20 -22 -21 -24 25 28 29 -27 -19 -26
right_child=5 4 3 8 11 -7 7 -9 9 -11 -12 12 -14 -15 -16 -17 -18 24 20 22 21 -23 23 -25 26 27 -28 -29 -30 -31
leaf_value=-0.0065014110686867251 0.043748065305500509 -0.018072463655116444 -0.029003478639766812 0.0050804030070595342 -0.0011798444982084177 0.027041393509932815 0.020419461697716461 0.0056155208851386574 -0.0024757783882673316 -0.025632695284587531 -0.0092594341025237642 -0.019123958372213347 0.013955330369831296 -0.0076434816054745339 0.014409487632177151 0.011122060546958345 -0.0073900950049991575 -0.0046368857184937622 -0.024034431272661746 -0.04446143252115152 -0.019403994149906734 0.026383223181992699 -0.014041859454818399 -0.048362707856815595 0.0011168433664773018 -0.041304637681613389 -0.020877253688446062 -0.012983364408903056 -0.034948721794592373 -0.022947169537548204
leaf_weight=8809.613762948662 8531.5080855386332 5405.6603050176054 12916.299480900168 5012.2284164652228 13104.000803692732 34451.357776517048 15195.218930542003 6371.9450797829777 7681.2920615449548 4875.0438077673316 3118.866944655776 7066.8617837610655 1020.9539313539863 4501.35815259628 13049.296503117308 7156.7170813083649 5283.2853533122689 4856.2977538183331 3531.3533297656104 5040.2178120696917 2027.5367967188358 1382.646215185523 3548.5894338823855 1932.2054682001472 7201.6229083384387 5030.1581536717713 10372.601066894364 2344.9427353218198 1622.3897222271189 2209.5666355686262
leaf_count=32265 21486 32902 18776 12673 60457 60586 105677 35644 19607 7049 6975 22297 6674 17801 51471 28020 39524 24727 14387 14865 4212 4188 21378 16184 30563 7942 38794 6689 6806 9387
internal_value=1.80913e-10 -0.00760097 2.50099e-10 -0.0155343 -0.0157247 0.0303574 0.00947659 0.0160457 -0.00674577 -0.0114665 -0.0251632 -0.00643453 -0.0149482 0.00524958 0.00724976 0.0013981 -0.018911 -0.0199882 -0.0241734 -0.0292003 -0.0126395 -0.000839735 -0.0349178 -0.0261414 -0.0171429 -0.0229131 -0.0131022 -0.0322998 -0.0122276 -0.00453292
internal_weight=214652 171669 88687.9 33603.7 82980.9 42982.9 55084.1 21567.2 17568.6 12556.3 16035.2 21191.8 8087.82 33517 29015.6 15966.3 61789.1 56505.8 22868.2 15926.7 6941.54 3410.18 10521 5480.79 33637.6 13853.8 19783.8 7375.1 6478.69 9411.19
internal_count=780006 697934 335958 65080 361976 82072 270878 141321 39329 26656 25751 89428 28971 129557 111756 60285 272548 233024 108116 85329 22787 8400 52427 37562 124908 46164 78744 14631 31533 39950
is_linear=0
shrinkage=0.1


Tree=2
num_leaves=31
num_cat=0
split_feature=14 4 11 0 16 20 12 1 5 6 13 0 1 5 0 12 8 18 18 9 16 16 20 9 10 10 16 6 16 20
split_gain=3309.93 884.268 344.278 434.854 213.512 579.216 228.703 147.078 177.051 162.49 119.559 122.596 104.778 95.8642 129.124 123.085 94.0307 93.4678 78.8691 72.7346 111.177 71.6561 140.426 85.8862 67.6052 53.0295 71.6072 50.6825 91.9208 85.4013
threshold=1.0000000180025095e-35 1.0000000180025095e-35 1.0000000180025095e-35 4.3166666666666673 1.5000000000000002 1.5000000000000002 1.0000000180025095e-35 2.5000000000000004 1.0000000180025095e-35 1.0000000180025095e-35 1.0000000180025095e-35 4.3166666666666673 2.5000000000000004 1.0000000180025095e-35 4.3166666666666673 1.0000000180025095e-35 0.37500000000000006 1.0000000180025095e-35 1.0000000180025095e-35 395.00000000000006 3.5000000000000004 2.5000000000000004 1.5000000000000002 1300.0000000000002 1.0000000180025095e-35 1.0000000180025095e-35 3.5000000000000004 1.0000000180025095e-35 3.5000000000000004 1.5000000000000002
decision_type=2 2 2 2 2 2 2 2 2 2 2 2 2 2 2 2 2 2 2 2 2 2 2 2 2 2 2 2 2 2
left_child=1 2 4 7 5 6 16 8 9 -4 -7 -12 13 27 -15 -16 -1 24 -11 20 -14 -3 25 -24 -2 -23 -27 28 -6 -29
right_child=17 21 3 -5 12 10 -8 -9 -10 18 11 -13 19 14 15 -17 -18 -19 -20 -21 -22 22 23 -25 -26 26 -28 29 -30 -31
leaf_value=0.036725360257199517 0.042089303049026978 -0.016619399790912235 0.012344940170321195 0.022153628217041723 -0.0013742615637670308 -0.0078872818724906937 0.014162941637673355 0.013994283665094299 -0.025732001310259617 0.0046865722693843689 0.042840752132828203 0.0019463631890804971 -0.0095475023301566063 0.013767452725934222 0.0060444233086017311 -0.025855448158767322 0.066385266379791072 0.021989098125382769 -0.021479912685687566 -0.0019588107466531088 -0.048418908459775117 -0.010987513513740672 0.0003296596880321259 -0.024642258096392502 0.024655606149987391 -0.045829053243489196 -0.017563201945864842 0.01597542906157598 -0.022078704368678655 -0.0042408662048229809
leaf_weight=2753.1385426311754 4492.8321156986058 54026.331267490983 2942.3693300299346 3687.6861107032746 8065.5432859258726 8439.5444071860984 3501.8174103815109 1635.018821425736 11178.554287523031 1471.4025027640164 1041.5989151578397 2474.8948752135038 2542.0566322058439 11703.065603100695 3496.457186376676 1849.300282202661 1747.2305029518902 35274.29441628512 5304.9149408563972 4796.6916331029497 1035.5174949094653 2902.4184760116041 10410.16296039708 1587.2676403089426 4405.3831178322434 1507.5594956260175 2210.2945514693856 3321.3442011112347 2920.8386372961104 5634.458732130006
leaf_count=18057 8343 250696 13485 21177 25270 30107 12561 7512 19864 4860 6304 6975 8435 56114 16382 3107 10897 60586 10917 17278 2661 14327 56312 8132 13143 16184 16325 15810 8244 19941
internal_value=-5.33691e-13 -0.00653745 -2.56547e-11 -0.00967965 0.00388528 0.0125047 0.0333279 -0.0148896 -0.0171495 -0.00727772 -0.00143234 0.0140594 9.32137e-05 0.00237986 0.00788565 -0.00499095 0.0482406 0.0242994 -0.0157981 -0.0100074 -0.0207987 -0.0147757 -0.00942556 -0.00297414 0.0334581 -0.021117 -0.0290248 -0.00232711 -0.00687874 0.00325654
internal_weight=208360 164187 91543.4 26219.9 65323.5 19958.2 8002.19 22532.3 20897.2 9718.69 11956 3516.49 45365.3 36991 17048.8 5345.76 4500.37 44172.5 6776.32 8374.27 3577.57 72644 18617.7 11997.4 8898.22 6620.27 3717.85 19942.2 10986.4 8955.8
internal_count=780006 697934 335958 77815 258143 84901 41515 56638 49126 29262 43386 13279 173242 144868 75603 19489 28954 82072 15777 28374 11096 361976 111280 64444 21486 46836 32509 69265 33514 35751
is_linear=0
shrinkage=0.1


Tree=3
num_leaves=31
num_cat=0
split_feature=12 11 16 4 4 10 16 10 18 16 9 5 16 0 18 18 15 8 9 9 0 16 16 9 15 18 0 16 9 9
split_gain=609.888 150.345 323.068 312.072 276.737 191.723 167.397 113.078 176.919 158.716 96.3699 126.526 90.3036 81.1561 79.2581 78.032 109.139 74.8068 80.1578 74.5762 67.6598 79.9895 62.548 126.219 80.1359 65.2503 59.7038 56.4947 67.3743 55.2857
threshold=1.0000000180025095e-35 1.0000000180025095e-35 1.5000000000000002 1.0000000180025095e-35 1.0000000180025095e-35 1.0000000180025095e-35 2.5000000000000004 1.0000000180025095e-35 1.0000000180025095e-35 2.5000000000000004 145.00000000000003 1.0000000180025095e-35 2.5000000000000004 4.1166666666666671 2.5000000000000004 2.5000000000000004 -1.0000000180025095e-35 0.37500000000000006 410.00000000000006 295.00000000000006 3.9500000000000002 1.5000000000000002 1.5000000000000002 125.00000000000001 1.0000000180025095e-35 1.0000000180025095e-35 4.1166666666666671 1.5000000000000002 1125.0000000000002 305.00000000000006
decision_type=2 2 2 2 2 2 2 2 2 2 2 2 2 2 2 2 2 2 2 2 2 2 2 2 2 2 2 2 2 2
left_child=1 2 3 17 6 -5 -4 9 -9 13 11 -3 20 -6 -7 16 -14 -1 -19 -17 21 29 23 -2 -24 -25 -10 28 -22 -12
right_child=22 10 4 5 7 14 -8 8 26 -11 12 -13 15 -15 -16 19 -18 18 -20 -21 27 -23 24 25 -26 -27 -28 -29 -30 -31
leaf_value=0.0027833486930659477 -0.030581762516644309 0.0076861866486468092 -0.0041370085936793003 0.020203167749873557 -0.018076882172354963 0.0034870234108366539 0.0096846384408286936 0.0065279105519756853 -0.02506884110857879 -0.027938893118536996 -0.0042577447162930934 0.040632655924471461 0.01881850765680472 -0.0010752061870916098 -0.033307382953250475 0.028772700121677347 -0.00064904410296704471 -0.020543210188301575 0.00053009453500251966 -0.01351095042925313 0.001911140126090389 -0.021994549335666594 -0.012433017687900984 0.0010178906128745242 0.0034467996165130233 -0.01552020303523228 -0.0083702638115216287 0.0084545050313095602 -0.022827319269601794 0.022835996836583487
leaf_weight=10283.864683194086 4696.7694079577923 3160.6621229797602 17736.628708384931 17521.809913965873 4903.5193153647706 5270.769910861738 17318.450625823811 8434.6859373040497 2870.0814822996035 6460.2441018423997 4057.8502220343798 1846.677872415632 11282.173933424056 6568.6304406500421 658.58805169537663 522.96343332529068 3866.7643362395465 3782.9661900997162 3452.2099261172116 2060.8163015081082 10063.451938472688 2236.0481250761077 10957.617971112486 3174.547904570587 4475.9652046589181 9600.3472788522486 8430.2080010627396 15887.641132351942 1236.1297214203514 924.77809040993452
leaf_count=36374 7913 12939 59283 40400 20796 24807 88024 36434 24461 20415 9165 10573 30623 19516 7981 2861 14238 10629 12091 10981 41297 11016 49494 16966 16818 41219 47299 47499 6077 1817
internal_value=7.12096e-11 0.00240117 0.000297982 0.00739998 -0.00370313 0.0149434 0.00269137 -0.00965416 -0.00443131 -0.015402 0.00658548 0.0198367 0.00531285 -0.0083422 -0.00059982 0.0111098 0.0138494 -0.00269768 -0.0104882 -0.00495263 0.00232511 -0.00628092 -0.0124665 -0.0165642 -0.00782764 -0.0114105 -0.0126114 0.00461015 -0.00079515 0.000770866
internal_weight=203744 170839 113693 40970.2 72722.4 23451.2 35055.1 37667.4 19735 17932.4 57146 5007.34 52138.6 11472.1 5929.36 17732.7 15148.9 17519 7235.18 2583.78 34405.9 7218.68 32905.2 17471.7 15433.6 12774.9 11300.3 27187.2 11299.6 4982.63
internal_count=780006 647596 448510 132282 316228 73188 147307 168921 108194 60727 199086 23512 175574 40312 32788 58703 44861 59094 22720 13842 116871 21998 132410 66098 66312 58185 71760 94873 47374 10982
is_linear=0
shrinkage=0.1


Tree=4
num_leaves=31
num_cat=0
split_feature=14 15 13 16 9 16 12 20 1 9 20 9 10 9 1 9 18 9 0 9 10 5 13 15 20 11 9 9 9 15
split_gain=3628.65 262.181 174.967 193.018 145.478 126.511 144.61 123.994 112.716 102.563 87.2737 86.8062 80.4222 79.4328 72.5916 65.1368 60.6316 59.0187 50.9233 97.5367 95.8871 49.1561 43.9815 43.8608 125.027 45.953 37.0106 35.8911 36.5527 35.2844
threshold=1.0000000180025095e-35 -1.0000000180025095e-35 1.0000000180025095e-35 2.5000000000000004 825.00000000000011 1.5000000000000002 1.0000000180025095e-35 1.5000000000000002 2.5000000000000004 145.00000000000003 1.5000000000000002 145.00000000000003 1.0000000180025095e-35 185.00000000000003 2.5000000000000004 295.00000000000006 2.5000000000000004 1300.0000000000002 3.9500000000000002 205.00000000000003 1.0000000180025095e-35 1.0000000180025095e-35 1.0000000180025095e-35 1.0000000180025095e-35 1.5000000000000002 1.0000000180025095e-35 1175.0000000000002 135.00000000000003 145.00000000000003 1.0000000180025095e-35
decision_type=2 2 2 2 2 2 2 2 2 2 2 2 2 2 2 2 2 2 2 2 2 2 2 2 2 2 2 2 2 2
left_child=1 2 3 9 5 6 8 15 21 -1 12 -5 -10 -8 -11 27 -13 -6 19 20 29 22 -3 24 -2 -26 -9 -4 -29 -7
right_child=23 4 7 11 17 18 13 26 10 14 -12 16 -14 -15 -16 -17 -18 -19 -20 -21 -22 -23 -24 -25 25 -27 -28 28 -30 -31
leaf_value=0.032877790061493127 0.025602999962186613 0.0021482859592482353 -0.019288989622426797 0.030384386613217924 -0.012997772641497443 -0.0093819278276417659 0.036108543073590259 0.0026484050619362326 0.00095765605997928996 -0.0088097212155345602 0.0010625460258820859 -0.033557260770025528 -0.04179517599347915 0.01007644594934938 -0.020540468221058955 -0.022621759046650224 -0.012430165480739835 -0.038795917111328432 -0.0030744807168619865 -0.028706601094360337 0.0032521932902630892 0.0085812799056722167 -0.013277171050619971 0.021188618205660217 0.033013363275066231 0.046352790022784272 -0.011681205254120967 0.029793933141645634 -0.0047820280105497423 -0.024733122919658478
leaf_weight=506.89378195814788 19161.987434905022 7219.8387798443437 1705.4308389574289 245.46819496527314 6907.3210948905908 4774.357422134839 1662.3361151833087 12582.508918745443 621.77615880593657 16446.208421556279 1706.9784410484135 7750.5847537452355 1504.9717339677736 3974.9853155119345 7766.1683232965879 4548.6541981017217 1647.0363185280003 1017.3872901601717 49865.706321564969 2292.1283936602995 5755.8540290212259 8603.4763028891757 2484.4509055614471 6281.0492292242125 5540.4639183031395 4837.1793838758022 2103.790912698023 329.48782128095627 4244.5209921542555 2181.3444670122117
leaf_count=2460 38771 35423 2954 1230 38587 14848 9547 54813 2200 83727 6033 19072 8105 21514 38924 12481 10041 5119 203905 20270 31646 34224 4425 18363 13517 11421 13043 1468 16718 5157
internal_value=1.18362e-11 -0.00642455 -0.0116635 -0.0163215 -0.00330552 -0.0021932 0.00345369 -0.00539015 -0.000186922 -0.0116404 -0.0157787 -0.0283211 -0.029296 0.0177528 -0.0125724 -0.0135089 -0.0298545 -0.0163098 -0.00461135 -0.00971923 -0.00629545 0.00307807 -0.00180087 0.0287772 0.0303907 0.0392311 0.000595709 -0.00690774 -0.00229136 -0.0141961
internal_weight=196270 160450 59876.8 34362.4 100573 92648.2 27778.8 25514.4 22141.5 24719.3 3833.73 9643.09 2126.75 5637.32 24212.4 10828.1 9397.62 7924.71 64869.4 15003.7 12711.6 18307.8 9704.29 35820.7 29539.6 10377.6 14686.3 6279.44 4574.01 6955.7
internal_count=780006 697934 256931 155454 441003 397297 121471 101477 90410 125111 16338 30343 10305 31061 122651 33621 29113 43706 275826 71921 51651 74072 39848 82072 63709 24938 67856 21140 18186 20005
is_linear=0
shrinkage=0.1


Tree=5
num_leaves=31
num_cat=0
split_feature=14 4 16 15 10 18 16 11 11 16 12 0 15 20 11 16 8 1 10 15 13 26 16 18 13 7 15 16 16 0
split_gain=2904.97 653.522 301.313 92.835 51.5503 50.6743 72.9091 121.163 86.5233 57.9473 42.1309 63.5037 58.3683 41.0525 92.1229 55.1109 37.1592 28.8907 52.3033 37.0662 35.564 28.8119 28.7707 29.2815 33.3011 70.7357 68.0168 57.2903 35.4988 57.1546
threshold=1.0000000180025095e-35 1.0000000180025095e-35 1.5000000000000002 1.0000000180025095e-35 1.0000000180025095e-35 1.0000000180025095e-35 2.5000000000000004 1.0000000180025095e-35 1.0000000180025095e-35 1.5000000000000002 1.0000000180025095e-35 3.9500000000000002 1.0000000180025095e-35 1.5000000000000002 1.0000000180025095e-35 2.5000000000000004 0.62500000000000011 2.5000000000000004 1.0000000180025095e-35 -1.0000000180025095e-35 1.0000000180025095e-35 1.0000000180025095e-35 4.5000000000000009 1.0000000180025095e-35 1.0000000180025095e-35 1.0000000180025095e-35 -1.0000000180025095e-35 2.5000000000000004 2.5000000000000004 4.1166666666666671
decision_type=2 2 2 2 2 2 2 2 2 2 2 2 2 2 2 2 2 2 2 2 2 2 2 2 2 2 2 2 2 2
left_child=1 2 4 5 -1 6 8 16 -3 -10 22 -12 -13 -2 -15 -16 -8 20 19 -19 -7 -18 23 -4 26 -26 27 -25 29 -27
right_child=13 3 10 -5 -6 17 7 -9 9 -11 11 12 -14 14 15 -17 21 18 -20 -21 -22 -23 -24 24 25 28 -28 -29 -30 -31
leaf_value=-0.0089826095205238574 0.023082825066450749 0.0034620035219890058 -0.000645265365713118 -0.021590089228715872 0.00031397027553843452 -0.0089434231404192533 -0.018995042921674619 0.0081799812412602507 -0.00085664334348130159 -0.022577572690479868 0.035527079425483193 0.023716505486809866 -7.9153784549085087e-05 0.023981255365120396 0.031671888449403364 0.051458734483996717 -0.087254722981047125 -0.018565460982122764 -0.065119083708079242 -0.0050451565589508286 -0.016884534190185301 -0.034290736691074027 0.021054626308443333 -0.030750074737578473 0.019259955313296644 0.026057997098097072 0.004417139820388263 0.013925317569317103 0.015824977659224131 -0.011371298474364619
leaf_weight=28705.752252398059 19605.787011027802 8206.9713128800504 12789.760849525221 10305.130298817996 7529.0901213698089 18235.707639508415 4527.0133765195496 1663.0659719258547 2158.3905480653048 2849.9986641434953 1018.4672230659053 1554.5904950872064 3059.5181811582297 9610.2467825571075 3362.8573326021433 2420.9837869778275 118.37474633567035 11673.223611950409 222.15110368374735 2453.9761455431581 8164.5913667650893 776.12640185374767 945.98897063871846 1015.4916669521481 4362.7754029333591 491.54271216318011 24691.663388518617 400.14830012619495 1140.6921523995697 2399.5171177946031
leaf_count=77413 40883 43961 49125 79722 33343 96142 14728 7970 10702 8019 6290 7984 11661 29768 5671 5750 276 53560 2490 12824 29997 1585 7950 1372 17372 1653 112792 1372 2989 4642
internal_value=8.47498e-11 -0.00566155 7.22681e-11 -0.0128108 -0.00705091 -0.0113289 -0.00724692 -0.0154321 -0.00285898 -0.0132168 0.00474268 0.0129267 0.00793811 0.0261176 0.0299826 0.0399542 -0.0226751 -0.0133623 -0.016974 -0.0162169 -0.0113993 -0.0412998 0.00378705 0.00344164 0.00495665 0.0104355 0.00319498 -0.018122 0.000886568 -0.00500751
internal_weight=196460 161460 90105 71354.7 36234.8 61049.6 20299.9 7084.58 13215.4 5008.39 53870.2 5632.58 4614.11 34999.9 15394.1 5783.84 5421.51 40749.6 14349.4 14127.2 26400.3 894.501 48237.6 47291.6 34501.8 8394.53 26107.3 1415.64 4031.75 2891.06
internal_count=780006 697934 335958 361976 110756 282254 87241 24559 62682 18721 225202 25935 19645 82072 41189 11421 16589 195013 68874 66384 126139 1861 199267 191317 142192 26656 115536 2744 9284 6295
is_linear=0
shrinkage=0.1


Tree=6
num_leaves=31
num_cat=0
split_feature=14 4 16 11 16 17 20 1 20 11 9 10 16 17 20 16 15 15 17 9 20 10 9 12 17 7 17 9 11 6
split_gain=2497.26 549.941 400.492 156.798 110.784 161.54 132.093 73.0757 72.665 105.355 71.4979 50.3211 46.0414 39.3213 60.9563 37.9324 33.8921 32.2635 42.9083 70.6037 39.3745 34.2587 83.0385 32.2814 66.3903 48.1903 34.3601 104.33 92.2824 48.4116
threshold=1.0000000180025095e-35 1.0000000180025095e-35 1.5000000000000002 1.0000000180025095e-35 2.5000000000000004 1.5000000000000002 1.5000000000000002 2.5000000000000004 1.5000000000000002 1.0000000180025095e-35 255.00000000000003 1.0000000180025095e-35 2.5000000000000004 1.0000000180025095e-35 1.5000000000000002 1.5000000000000002 1.0000000180025095e-35 1.0000000180025095e-35 2.5000000000000004 145.00000000000003 1.5000000000000002 1.0000000180025095e-35 235.00000000000003 1.0000000180025095e-35 1.0000000180025095e-35 1.0000000180025095e-35 1.5000000000000002 145.00000000000003 1.0000000180025095e-35 1.0000000180025095e-35
decision_type=2 2 2 2 2 2 2 2 2 2 2 2 2 2 2 2 2 2 2 2 2 2 2 2 2 2 2 2 2 2
left_child=1 2 11 7 6 -6 -5 13 -2 -10 -7 -1 -11 -3 16 -8 -15 23 19 -19 21 22 -21 26 25 -25 27 28 -4 -28
right_child=8 3 17 4 5 10 15 -9 9 12 -12 -13 -14 14 -16 -17 -18 18 -20 20 -22 -23 -24 24 -26 -27 29 -29 -30 -31
leaf_value=0.012792856484920853 0.020803301490412648 -0.011071733449055876 0.0066936482756950995 -0.022389566016463282 -0.010197104552160344 -0.010249626520978591 -0.0093813132841232966 -0.013237405269635995 0.023861278437219049 0.033981941390695845 -0.042466022236541029 0.0030738828999099469 0.053607900448031903 -0.0055734704156043188 0.0030901819275919833 0.0053941638641750514 -0.02114070530169505 0.015830946820774926 -0.0085015812517159981 -0.057839081346285771 0.00082874760702168369 -0.0061824278084985041 0.013216918005979895 0.01894036501166671 -0.02323156474157324 -0.036991893038862932 0.0044290156132347136 -0.0038281863691089109 -0.029005159511443668 -0.0076480985615463822
leaf_weight=19785.735138211399 19613.704908558168 8164.1653505573049 913.90384158119559 7460.9834813419729 3454.487358440645 806.59916502982378 4302.0167309548706 18997.028367993888 9167.7922916016541 2940.510514549911 4719.8054840518162 7290.2242933250964 2014.0411378517747 9163.3277716040611 9305.8500938238576 2914.7140424177051 1650.4395265746862 2600.9633498610929 7274.706351059489 425.17584859579802 14192.544574858621 3800.0794803034514 268.21952945366502 753.77406181767583 2717.8815070353448 193.60562415421009 6742.1388645302504 13292.80470070336 3487.0386229157448 6537.4897451139987
leaf_count=77413 40883 38656 2499 25473 16715 2736 20289 110516 29768 5671 9520 33343 5750 55137 48974 14695 19265 12360 29835 884 72783 15498 1034 2904 5628 585 21059 35682 4939 19512
internal_value=5.16873e-11 -0.0051774 1.87882e-11 -0.0117661 -0.0184123 -0.0271604 -0.0130595 -0.0084404 0.0247414 0.0302109 -0.0377639 0.010176 0.04196 -0.00521846 -0.00284331 -0.00341375 -0.0079494 -0.00435956 -0.00187136 0.00039448 -0.00175417 -0.00991225 -0.0303532 -0.00641123 -0.0152856 0.0075101 -0.00536107 -0.00824653 -0.0215919 -0.00151648
internal_weight=194952 161216 90276.3 70939.4 23658.6 8980.89 14677.7 47280.8 33736 14122.3 5526.4 27076 4954.55 28283.8 20119.6 7216.73 10813.8 63200.3 28561.7 21287 18686 4493.47 693.395 34638.6 3665.26 947.38 30973.4 17693.7 4400.94 13279.6
internal_count=780006 697934 335958 361976 89428 28971 60457 272548 82072 41189 12256 110756 11421 162032 123376 34984 74402 225202 132394 102559 90199 17416 1918 92808 9117 3489 83691 43120 7438 40571
is_linear=0
shrinkage=0.1


end of trees

feature_importances:
candidate_popularity_rank=41
estimated_cart_value=28
rating=17
area_encoded=14
price_tier_encoded=14
candidate_category_main=13
candidate_category_side=12
candidate_price_tier_vs_cart=12
candidate_category_drink=9
cart_size=8
has_main=8
candidate_category_dessert=6
is_complement_to_any_cart_item=6
has_side=5
cuisine_encoded=5
has_dessert=4
has_drink=4
meal_completeness_score=3
day_of_week=1

parameters:
[boosting: gbdt]
[objective: lambdarank]
[metric: ndcg]
[tree_learner: serial]
[device_type: cpu]
[data_sample_strategy: bagging]
[data: ]
[valid: ]
[num_iterations: 1000]
[learning_rate: 0.1]
[num_leaves: 31]
[num_threads: 0]
[seed: 42]
[deterministic: 0]
[force_col_wise: 0]
[force_row_wise: 0]
[histogram_pool_size: -1]
[max_depth: -1]
[min_data_in_leaf: 100]
[min_sum_hessian_in_leaf: 0.001]
[bagging_fraction: 1]
[pos_bagging_fraction: 1]
[neg_bagging_fraction: 1]
[bagging_freq: 0]
[bagging_seed: 400]
[bagging_by_query: 0]
[feature_fraction: 0.9]
[feature_fraction_bynode: 1]
[feature_fraction_seed: 30056]
[extra_trees: 0]
[extra_seed: 12879]
[early_stopping_round: 0]
[early_stopping_min_delta: 0]
[first_metric_only: 0]
[max_delta_step: 0]
[lambda_l1: 0]
[lambda_l2: 0]
[linear_lambda: 0]
[min_gain_to_split: 0]
[drop_rate: 0.1]
[max_drop: 50]
[skip_drop: 0.5]
[xgboost_dart_mode: 0]
[uniform_drop: 0]
[drop_seed: 17869]
[top_rate: 0.2]
[other_rate: 0.1]
[min_data_per_group: 100]
[max_cat_threshold: 32]
[cat_l2: 10]
[cat_smooth: 10]
[max_cat_to_onehot: 4]
[top_k: 20]
[monotone_constraints: ]
[monotone_constraints_method: basic]
[monotone_penalty: 0]
[feature_contri: ]
[forcedsplits_filename: ]
[refit_decay_rate: 0.9]
[cegb_tradeoff: 1]
[cegb_penalty_split: 0]
[cegb_penalty_feature_lazy: ]
[cegb_penalty_feature_coupled: ]
[path_smooth: 0]
[interaction_constraints: ]
[verbosity: -1]
[saved_feature_importance_type: 0]
[use_quantized_grad: 0]
[num_grad_quant_bins: 4]
[quant_train_renew_leaf: 0]
[stochastic_rounding: 1]
[linear_tree: 0]
[max_bin: 255]
[max_bin_by_feature: ]
[min_data_in_bin: 3]
[bin_construct_sample_cnt: 200000]
[data_random_seed: 175]
[is_enable_sparse: 1]
[enable_bundle: 1]
[use_missing: 1]
[zero_as_missing: 0]
[feature_pre_filter: 1]
[pre_partition: 0]
[two_round: 0]
[header: 0]
[label_column: ]
[weight_column: ]
[group_column: ]
[ignore_column: ]
[categorical_feature: ]
[forcedbins_filename: ]
[precise_float_parser: 0]
[parser_config_file: ]
[objective_seed: 16083]
[num_class: 1]
[is_unbalance: 0]
[scale_pos_weight: 1]
[sigmoid: 1]
[boost_from_average: 1]
[reg_sqrt: 0]
[alpha: 0.9]
[fair_c: 1]
[poisson_max_delta_step: 0.7]
[tweedie_variance_power: 1.5]
[lambdarank_truncation_level: 30]
[lambdarank_norm: 1]
[label_gain: ]
[lambdarank_position_bias_regularization: 0]
[eval_at: 5,10]
[multi_error_top_k: 1]
[auc_mu_weights: ]
[num_machines: 1]
[local_listen_port: 12400]
[time_out: 120]
[machine_list_filename: ]
[machines: ]
[gpu_platform_id: -1]
[gpu_device_id: -1]
[gpu_use_dp: 0]
[num_gpu: 1]

end of parameters

pandas_categorical:[]
